[gd_scene format=3 uid="uid://b2mgcdwlceh5i"]

[ext_resource type="PackedScene" uid="uid://bdhrh3gi8wrcq" path="res://scenes/Objects/Tree.tscn" id="1_xhyw4"]

[sub_resource type="StandardMaterial3D" id="StandardMaterial3D_j4wnp"]
albedo_color = Color(0.41960785, 0.47843137, 0.32156864, 1)

[node name="50Trees" type="Node3D" unique_id=261452517]

[node name="Tree" parent="." unique_id=1858564416 instance=ExtResource("1_xhyw4")]
transform = Transform3D(0.0667441, 0.04077311, -0.9969367, 0, 0.9991647, 0.04086423, 0.99777013, -0.0027274464, 0.06668836, -2.3356886, -0.20417655, -4.1497245)

[node name="Tree2" parent="." unique_id=1597209452 instance=ExtResource("1_xhyw4")]
transform = Transform3D(0.3196209, 0, 0.9475455, 0, 1, 0, -0.9475455, 0, 0.3196209, -4.012803, -0.15763736, -3.921949)

[node name="Tree3" parent="." unique_id=1317962642 instance=ExtResource("1_xhyw4")]
transform = Transform3D(0.008517118, 0, -0.9999637, 0, 1, 0, 0.9999637, 0, 0.008517118, -4.397338, -0.17969465, -0.9263425)

[node name="Tree4" parent="." unique_id=2104732123 instance=ExtResource("1_xhyw4")]
transform = Transform3D(-0.894162, 0.0021490115, 0.4477393, 1.8626451e-09, 1.0999895, -0.0043633096, -0.44774356, -0.0042916536, -0.8941534, -3.1017487, -0.13419199, 0.37385225)

[node name="Tree5" parent="." unique_id=187608228 instance=ExtResource("1_xhyw4")]
transform = Transform3D(-0.06536836, 0.0039935196, -0.9978532, 0.060978863, 0.9981391, 0, 0.9959963, -0.060847953, -0.06549023, -1.548737, -0.103618145, 1.3816552)

[node name="Tree6" parent="." unique_id=445319576 instance=ExtResource("1_xhyw4")]
transform = Transform3D(0.1440365, 0.001750506, 0.98957115, -0.011047706, 1.0999328, 0, -0.9895106, -0.012025729, 0.14404528, -1.5337735, -0.121728174, -2.8835752)

[node name="Tree7" parent="." unique_id=656408048 instance=ExtResource("1_xhyw4")]
transform = Transform3D(-0.7505948, -0.0072840243, 0.6607225, -0.009703878, 0.9999529, 4.656613e-10, -0.66069144, -0.006411571, -0.7506302, -4.043389, -0.13257396, 1.9057937)

[node name="Tree8" parent="." unique_id=69951457 instance=ExtResource("1_xhyw4")]
transform = Transform3D(0.113289945, -0.051219728, 0.9922409, 0, 0.99867034, 0.051551618, -0.993562, -0.00584028, 0.11313931, -2.5173213, -0.09566581, 2.6607747)

[node name="Tree9" parent="." unique_id=1181570252 instance=ExtResource("1_xhyw4")]
transform = Transform3D(-0.18291976, 0.011245535, 0.9830635, 0.06136211, 0.9981156, 0, -0.981211, 0.060322855, -0.1832651, -1.5390282, -0.08756995, 3.9510903)

[node name="Tree10" parent="." unique_id=1489682830 instance=ExtResource("1_xhyw4")]
transform = Transform3D(-0.34729308, -0.01971465, -0.9375494, -0.056675367, 0.99839264, 0, 0.9360424, 0.053135954, -0.3478522, -3.9569573, -0.11336279, 3.8555684)

[node name="Tree11" parent="." unique_id=988965064 instance=ExtResource("1_xhyw4")]
transform = Transform3D(0.14648014, 0, 0.9892136, 0, 1, 0, -0.9892136, 0, 0.14648014, -3.320859, -0.089347124, -2.4897337)

[node name="Tree12" parent="." unique_id=1580457852 instance=ExtResource("1_xhyw4")]
transform = Transform3D(0.824478, 0.057089202, 0.5630068, -0.06907744, 0.9976113, 0, -0.561662, -0.038891073, 0.82645226, -1.7226748, -0.07836878, -0.9785063)

[node name="CSGBox3D" type="CSGBox3D" parent="." unique_id=2028776909]
transform = Transform3D(1, 0, 0, 0, 1, 0, 0, 0, 1, 0, 0.00838121, 0)
use_collision = true
size = Vector3(10, 0.001, 10)
material = SubResource("StandardMaterial3D_j4wnp")
