[gd_scene format=3 uid="uid://01d2yvedff53"]

[ext_resource type="PackedScene" uid="uid://bdhrh3gi8wrcq" path="res://scenes/Objects/Tree.tscn" id="1_wrfhl"]

[sub_resource type="StandardMaterial3D" id="StandardMaterial3D_hl6io"]
albedo_color = Color(0.41960785, 0.47843137, 0.32156864, 1)

[node name="SmallTress1" type="Node3D" unique_id=2037284800]

[node name="Tree" parent="." unique_id=1256549673 instance=ExtResource("1_wrfhl")]
transform = Transform3D(0.6873411, 0.014568393, 0.72615445, 9.313226e-10, 0.89977646, -0.022286009, -0.72633487, 0.0137862805, 0.6871704, 0.49821472, -0.13720775, 4.1789618)

[node name="Tree2" parent="." unique_id=192474551 instance=ExtResource("1_wrfhl")]
transform = Transform3D(0.9137583, 0, 0.40625826, 0, 1, 0, -0.40625826, 0, 0.9137583, -0.22487402, -0.156039, 1.2096531)

[node name="Tree3" parent="." unique_id=1772143510 instance=ExtResource("1_wrfhl")]
transform = Transform3D(0.1293667, 0.066390455, -0.9893717, 0, 0.9977561, 0.06695307, 0.99159676, -0.008661498, 0.1290764, 1.1503634, -0.19765997, -0.522912)

[node name="Tree4" parent="." unique_id=1461925453 instance=ExtResource("1_wrfhl")]
transform = Transform3D(-0.19740072, 0, -0.98032284, 0, 1, 0, 0.98032284, 0, -0.19740072, -1.9637833, -0.15242648, 3.9912572)

[node name="Tree5" parent="." unique_id=2004263939 instance=ExtResource("1_wrfhl")]
transform = Transform3D(-0.6425574, -0.019467166, 0.76593226, -0.033643596, 0.8994905, 0, -0.76549864, -0.023191843, -0.6429213, -3.9276962, 4.7683716e-07, 1.1344508)

[node name="Tree6" parent="." unique_id=377449749 instance=ExtResource("1_wrfhl")]
transform = Transform3D(0.913119, 0, 0.4076931, 0, 1, 0, -0.4076931, 0, 0.913119, -4.0250382, -0.051503062, 4.049398)

[node name="Tree7" parent="." unique_id=1008028828 instance=ExtResource("1_wrfhl")]
transform = Transform3D(0.96339697, 0.0073488, -0.26799592, -4.656613e-10, 1.0996584, 0.024920722, 0.2680792, -0.0264094, 0.9630977, -2.515306, -0.17627347, 2.3865194)

[node name="Tree8" parent="." unique_id=1484965011 instance=ExtResource("1_wrfhl")]
transform = Transform3D(-0.07708457, 0, 0.99702454, 0, 1.1, 0, -0.99702454, 0, -0.07708457, -1.604039, -0.19872439, -2.6559055)

[node name="Tree9" parent="." unique_id=336726411 instance=ExtResource("1_wrfhl")]
transform = Transform3D(0.7378313, 0, -0.6749852, 0, 0.9, 0, 0.6749852, 0, 0.7378313, -0.623896, -0.17698967, -0.64340895)

[node name="Tree10" parent="." unique_id=1385428497 instance=ExtResource("1_wrfhl")]
transform = Transform3D(-0.19205952, 0, 0.98138326, 0, 1, 0, -0.98138326, 0, -0.19205952, -2.2561867, -0.22588348, 0.5607674)

[node name="Tree11" parent="." unique_id=2045931694 instance=ExtResource("1_wrfhl")]
transform = Transform3D(-0.7551445, 0, 0.6555584, 0, 1.1, 0, -0.6555584, 0, -0.7551445, 0.052669704, -0.17691255, -2.3585873)

[node name="Tree12" parent="." unique_id=1066940744 instance=ExtResource("1_wrfhl")]
transform = Transform3D(-0.9226661, 0.013370523, 0.38531366, 0, 0.8993318, -0.038527332, -0.38559994, -0.031993076, -0.92198104, -2.570856, -0.12153041, -1.1729956)

[node name="Tree13" parent="." unique_id=1433673653 instance=ExtResource("1_wrfhl")]
transform = Transform3D(0.3971775, 0.01423377, -0.9176506, -0.03256209, 1.0994169, 0, 0.91716397, 0.032868683, 0.39738825, -3.969193, -0.15459085, -4.2918987)

[node name="Tree14" parent="." unique_id=875413517 instance=ExtResource("1_wrfhl")]
transform = Transform3D(-0.037376046, -0.041428175, -0.9984422, -1.1641532e-10, 0.99914026, -0.041457143, 0.9993013, -0.0015495039, -0.03734391, -0.54571736, -0.13666117, -3.9601867)

[node name="Tree15" parent="." unique_id=1842260273 instance=ExtResource("1_wrfhl")]
transform = Transform3D(0.34752506, 0, -0.9376707, 0, 1.1, 0, 0.9376707, 0, 0.34752506, 1.7005272, -0.38752872, 1.2162395)

[node name="Tree16" parent="." unique_id=253415633 instance=ExtResource("1_wrfhl")]
transform = Transform3D(0.49374437, -0.029445782, 0.86919487, 9.313226e-10, 1.0994787, 0.030782746, -0.86960715, -0.01671869, 0.49351045, -0.7626354, -0.23014355, 2.7684908)

[node name="Tree17" parent="." unique_id=1648448074 instance=ExtResource("1_wrfhl")]
transform = Transform3D(0.45192084, -0.026491145, 0.8917329, 0, 1.0995991, 0.026996963, -0.892058, -0.01342054, 0.45175612, 2.7144623, -0.10935557, 4.100957)

[node name="Tree18" parent="." unique_id=1878169337 instance=ExtResource("1_wrfhl")]
transform = Transform3D(-0.5188627, 0.05065382, -0.85335547, 0, 0.9982429, 0.059254102, 0.85485756, 0.030744746, -0.517951, 4.242506, -0.13798267, 3.7010949)

[node name="Tree19" parent="." unique_id=880292903 instance=ExtResource("1_wrfhl")]
transform = Transform3D(0.9271141, -0.016099261, -0.37449315, 0.027038785, 1.0991699, 0.027886745, 0.3738024, -0.039578043, 0.92681015, 1.4291945, -0.15476644, 2.7585642)

[node name="Tree20" parent="." unique_id=1272044216 instance=ExtResource("1_wrfhl")]
transform = Transform3D(0.18075933, 0, 0.98352736, 0, 1, 0, -0.98352736, 0, 0.18075933, 3.228572, -0.15329802, 2.2872982)

[node name="Tree21" parent="." unique_id=446920742 instance=ExtResource("1_wrfhl")]
transform = Transform3D(-0.99321944, 0, 0.1162547, 0, 0.9, 0, -0.1162547, 0, -0.99321944, 3.1571684, -0.19922042, 0.030935168)

[node name="Tree22" parent="." unique_id=176907340 instance=ExtResource("1_wrfhl")]
transform = Transform3D(-0.8037114, 0, -0.5950193, 0, 1.1, 0, 0.5950193, 0, -0.8037114, 2.4288473, -0.17702675, -1.5542312)

[node name="Tree23" parent="." unique_id=686662923 instance=ExtResource("1_wrfhl")]
transform = Transform3D(-0.6580285, 0.015114936, -0.75280577, 0.025513958, 0.899707, -1.8626451e-09, 0.7525606, -0.017286345, -0.6582428, 4.165205, -0.13969737, -1.2596287)

[node name="Tree24" parent="." unique_id=1603955023 instance=ExtResource("1_wrfhl")]
transform = Transform3D(-0.8614785, 0.026224773, -0.50723416, 1.8626451e-09, 1.098787, 0.046949543, 0.5077941, 0.044490624, -0.86052847, 4.299629, -0.13812894, 1.2876432)

[node name="Tree25" parent="." unique_id=1429136505 instance=ExtResource("1_wrfhl")]
transform = Transform3D(-0.78774214, 0, 0.6160052, 0, 1, 0, -0.6160052, 0, -0.78774214, 1.8507797, -0.101830065, -2.978283)

[node name="Tree26" parent="." unique_id=1888201414 instance=ExtResource("1_wrfhl")]
transform = Transform3D(0.9462492, -0.021931175, -0.322694, 3.7252903e-09, 0.9976985, -0.067806326, 0.3234384, 0.06416169, 0.94407135, 2.9594421, -0.13683766, -4.3619223)

[node name="Tree27" parent="." unique_id=422350143 instance=ExtResource("1_wrfhl")]
transform = Transform3D(-0.63426775, 0.039104607, 0.7721239, 0.061536312, 0.9981049, 0, -0.7706606, 0.047513656, -0.6354721, -2.2981186, -0.14689672, -4.11463)

[node name="Tree28" parent="." unique_id=27592766 instance=ExtResource("1_wrfhl")]
transform = Transform3D(0.9968039, -0.05915123, 0.05369541, 0.059236687, 0.998244, 0, -0.05360112, 0.003180738, 0.9985574, -3.9238696, -0.11385834, -2.6149251)

[node name="Tree29" parent="." unique_id=1501307176 instance=ExtResource("1_wrfhl")]
transform = Transform3D(0.73240036, -0.05318377, 0.6791555, 0, 1.0972232, 0.071009986, -0.6808743, -0.057208512, 0.73055136, -4.1958117, -0.17540789, -0.4167292)

[node name="Tree30" parent="." unique_id=447125182 instance=ExtResource("1_wrfhl")]
transform = Transform3D(0.99169546, 0.016978635, 0.12767898, -0.009540744, 1.0987524, -0.046649057, -0.12825418, 0.049547855, 0.9907179, 0.95928144, -0.14913607, -4.177653)

[node name="Tree31" parent="." unique_id=2146535948 instance=ExtResource("1_wrfhl")]
transform = Transform3D(-0.9239263, -0.008364267, 0.38245758, 0, 0.8997344, 0.024292594, -0.38257053, 0.02020011, -0.9236536, 4.344273, -0.1860283, -3.9702778)

[node name="Tree32" parent="." unique_id=879870076 instance=ExtResource("1_wrfhl")]
transform = Transform3D(0.3490954, -0.02482488, 0.9368154, 0, 1.099681, 0.024083216, -0.9370872, -0.009248075, 0.34899417, 3.6249938, -0.12760454, -2.715498)

[node name="Tree33" parent="." unique_id=2083866087 instance=ExtResource("1_wrfhl")]
transform = Transform3D(-0.98862815, 0, 0.1503808, 0, 0.9, 0, -0.1503808, 0, -0.98862815, -4.2864585, -0.12668002, 2.5746288)

[node name="CSGBox3D" type="CSGBox3D" parent="." unique_id=1841480870]
transform = Transform3D(1, 0, 0, 0, 1, 0, 0, 0, 1, 0, 0.00838121, 0)
use_collision = true
size = Vector3(10, 0.001, 10)
material = SubResource("StandardMaterial3D_hl6io")
