[gd_scene format=3 uid="uid://cxkrd3om5yv5b"]

[ext_resource type="PackedScene" uid="uid://bkux1lqdwrrs3" path="res://scenes/Small scenes/BlankPath.tscn" id="1_1lm3w"]
[ext_resource type="PackedScene" uid="uid://d3g5acjch64di" path="res://scenes/Small scenes/CornerTrees.tscn" id="2_eyqai"]
[ext_resource type="PackedScene" uid="uid://b2mgcdwlceh5i" path="res://scenes/Small scenes/50Trees.tscn" id="3_wq3kh"]
[ext_resource type="PackedScene" uid="uid://b8mj7usnh0c4b" path="res://scenes/Small scenes/EnterTrees.tscn" id="4_7wqsx"]
[ext_resource type="PackedScene" uid="uid://4a0bqlmogws3" path="res://Models/portal.fbx" id="6_roas1"]
[ext_resource type="Material" uid="uid://dj28ofymqbfis" path="res://materials/portal_mat.tres" id="7_0x56f"]
[ext_resource type="PackedScene" uid="uid://bdhrh3gi8wrcq" path="res://scenes/Objects/Tree.tscn" id="7_xtl80"]
[ext_resource type="PackedScene" uid="uid://fg82l2m7fj15" path="res://Models/crystal2.fbx" id="10_vduu5"]
[ext_resource type="PackedScene" uid="uid://dyuxhdhr4u1at" path="res://Models/crystal.fbx" id="11_0x56f"]
[ext_resource type="PackedScene" uid="uid://b76yv50h3hm1e" path="res://scenes/Objects/stone.tscn" id="11_vduu5"]
[ext_resource type="PackedScene" uid="uid://chmu5njdaihwm" path="res://scenes/Objects/BigStone.tscn" id="12_0x56f"]
[ext_resource type="PackedScene" uid="uid://dk571mu5qwt0g" path="res://scenes/Objects/Bush.tscn" id="13_0x56f"]

[node name="PathWay4" type="Node3D" unique_id=1625082030]

[node name="BlankPath" parent="." unique_id=480657387 instance=ExtResource("1_1lm3w")]

[node name="CornerTrees" parent="." unique_id=969819198 instance=ExtResource("2_eyqai")]
transform = Transform3D(1, 0, 0, 0, 1, 0, 0, 0, 1, -10, 0, -10)

[node name="CornerTrees2" parent="." unique_id=1694431284 instance=ExtResource("2_eyqai")]
transform = Transform3D(-4.371139e-08, 0, -1, 0, 1, 0, 1, 0, -4.371139e-08, 10, 0, -10)

[node name="CornerTrees3" parent="." unique_id=1434222970 instance=ExtResource("2_eyqai")]
transform = Transform3D(-1, 0, 8.742278e-08, 0, 1, 0, -8.742278e-08, 0, -1, 9.999999, 0, 10)

[node name="50Trees" parent="." unique_id=1504898501 instance=ExtResource("3_wq3kh")]
transform = Transform3D(1, 0, 0, 0, 1, 0, 0, 0, 1, -10, 0, 0)

[node name="CornerTrees4" parent="." unique_id=1508076881 instance=ExtResource("2_eyqai")]
transform = Transform3D(1.3113416e-07, 0, 1, 0, 1, 0, -1, 0, 1.3113416e-07, -10.000001, 0, 9.999997)

[node name="50Trees2" parent="." unique_id=100367 instance=ExtResource("3_wq3kh")]
transform = Transform3D(0, 0, -0.99999994, 0, 1, 0, 0.99999994, 0, 0, 0, 0, -10)

[node name="50Trees3" parent="." unique_id=1251638824 instance=ExtResource("3_wq3kh")]
transform = Transform3D(-0.99999994, 0, 4.3711385e-08, 0, 1, 0, -4.3711385e-08, 0, -0.99999994, 10, 0, 0)

[node name="EnterTrees" parent="." unique_id=1803136790 instance=ExtResource("4_7wqsx")]
transform = Transform3D(1, 0, 0, 0, 1, 0, 0, 0, 1, 0, 0, 10)

[node name="portal" parent="." unique_id=240794652 instance=ExtResource("6_roas1")]
transform = Transform3D(-1.09278474e-07, 0, 2.5, 0, 2.5, 0, -2.5, 0, -1.09278474e-07, -0.36286405, -0.4654112, -0.47606134)

[node name="Box004" parent="portal" index="0" unique_id=139236798]
surface_material_override/0 = ExtResource("7_0x56f")

[node name="Tree" parent="." unique_id=1329674939 instance=ExtResource("7_xtl80")]
transform = Transform3D(0.46826914, 0, -0.8835859, 0, 1, 0, 0.8835859, 0, 0.46826914, -7.5882363, -0.18163967, 8.266178)

[node name="Tree2" parent="." unique_id=1989382976 instance=ExtResource("7_xtl80")]
transform = Transform3D(1, 0, 0, 0, 1, 0, 0, 0, 1, -7.5923605, -0.10853529, -8.293428)

[node name="Tree3" parent="." unique_id=1137477389 instance=ExtResource("7_xtl80")]
transform = Transform3D(0.80072117, 0, 0.7542185, 0, 1.1, 0, -0.7542185, 0, 0.80072117, -9.053667, -0.15562868, 2.6194644)

[node name="Tree4" parent="." unique_id=949276673 instance=ExtResource("7_xtl80")]
transform = Transform3D(0.32444572, 0, 0.9459043, 0, 1, 0, -0.9459043, 0, 0.32444572, 7.154832, -0.10461092, 8.650732)

[node name="Tree5" parent="." unique_id=432513129 instance=ExtResource("7_xtl80")]
transform = Transform3D(0.20702386, 0, 0.9783359, 0, 1, 0, -0.9783359, 0, 0.20702386, 8.517986, -0.17638683, 5.6357913)

[node name="Tree6" parent="." unique_id=852995900 instance=ExtResource("7_xtl80")]
transform = Transform3D(-0.74488246, 0, 0.66719574, 0, 1, 0, -0.66719574, 0, -0.74488246, 8.341431, -0.11946869, 2.760993)

[node name="Tree7" parent="." unique_id=1760400528 instance=ExtResource("7_xtl80")]
transform = Transform3D(-0.68514, 0, -0.58359504, 0, 0.9, 0, 0.58359504, 0, -0.68514, 9.017009, -0.1805067, -1.9987521)

[node name="Tree8" parent="." unique_id=1019306390 instance=ExtResource("7_xtl80")]
transform = Transform3D(0.8570071, 0, 0.6895933, 0, 1.1, 0, -0.6895933, 0, 0.8570071, -3.1505885, -0.12863302, -9.313052)

[node name="Tree9" parent="." unique_id=1975635123 instance=ExtResource("7_xtl80")]
transform = Transform3D(0.77065784, 0, 0.6372492, 0, 1, 0, -0.6372492, 0, 0.77065784, -8.521627, -0.14509201, -3.8594408)

[node name="Tree10" parent="." unique_id=1891068409 instance=ExtResource("7_xtl80")]
transform = Transform3D(-0.0401318, 0, 0.9991944, 0, 1, 0, -0.9991944, 0, -0.0401318, 3.6813645, -0.10106897, -8.886212)

[node name="crystal2" parent="." unique_id=424939283 instance=ExtResource("10_vduu5")]
transform = Transform3D(1.9414665, -0.4404828, 0.19152738, 0.48032057, 1.7804414, -0.774158, 0, 0.79749817, 1.8341202, 3.4572287, 0.14800239, 3.7180257)

[node name="crystal" parent="." unique_id=1035640541 instance=ExtResource("11_0x56f")]
transform = Transform3D(1.969397, 0.34853384, 0, -0.34853384, 1.969397, 0, 0, 0, 2, 3.747653, 0.20607209, 2.0678618)

[node name="crystal3" parent="." unique_id=2054422453 instance=ExtResource("10_vduu5")]
transform = Transform3D(1.9414665, -0.4404828, 0.19152738, 0.48032057, 1.7804414, -0.774158, 0, 0.79749817, 1.8341202, -4.627791, 0.14800239, 3.3423867)

[node name="crystal4" parent="." unique_id=1007067881 instance=ExtResource("11_0x56f")]
transform = Transform3D(1.8679602, 0.6700281, -0.24856907, -0.71464986, 1.7513278, -0.64971286, 0, 0.69563884, 1.875123, -4.6426835, 0.23587944, 1.9004827)

[node name="crystal5" parent="." unique_id=12496854 instance=ExtResource("11_0x56f")]
transform = Transform3D(2.8491793, -0.88059765, 0.32668677, 0.65616906, 2.6127892, 1.3201419, -0.67202586, -1.1823198, 2.6740422, 3.8675156, 0.14897539, -0.9004216)

[node name="crystal6" parent="." unique_id=2137100976 instance=ExtResource("10_vduu5")]
transform = Transform3D(3.300493, -0.7488209, 0.3255966, 0.5173935, 2.9667091, 1.5782717, -0.63170385, -1.4825332, 2.9938347, -4.61726, 0.14800239, -4.181686)

[node name="crystal7" parent="." unique_id=1628777838 instance=ExtResource("11_0x56f")]
transform = Transform3D(1.8679602, 0.6700281, -0.24856906, -0.5045305, 1.7290787, 0.8693302, 0.50613564, -0.74923193, 1.7839499, -0.16053051, 0.060505643, -4.798032)

[node name="Bush" parent="." unique_id=2123050176 instance=ExtResource("13_0x56f")]
transform = Transform3D(-1.0338981, 0, 0.37557256, 0, 1.1, 0, -0.37557256, 0, -1.0338981, -5.5371966, 0, 9.327014)

[node name="Bush2" parent="." unique_id=2135003375 instance=ExtResource("13_0x56f")]
transform = Transform3D(0.8, 0, 0, 0, 0.8, 0, 0, 0, 0.8, -7.867817, 0, 5.487859)

[node name="Bush3" parent="." unique_id=346078786 instance=ExtResource("13_0x56f")]
transform = Transform3D(-0.26357993, 0, -1.067954, 0, 1.1, 0, 1.067954, 0, -0.26357993, -5.7857485, 0, -7.2966814)

[node name="Bush4" parent="." unique_id=2099482990 instance=ExtResource("13_0x56f")]
transform = Transform3D(0.78958774, 0, 0.6136377, 0, 1, 0, -0.6136377, 0, 0.78958774, 4.973054, 0, 8.415022)

[node name="Bush5" parent="." unique_id=993466907 instance=ExtResource("13_0x56f")]
transform = Transform3D(1.1, 0, 0, 0, 1.1, 0, 0, 0, 1.1, 7.757612, 0, 0.68855476)

[node name="Bush6" parent="." unique_id=1022487399 instance=ExtResource("13_0x56f")]
transform = Transform3D(0.16186462, 0, -0.8853247, 0, 0.9, 0, 0.8853247, 0, 0.16186462, 5.2843866, 0, -5.206544)

[node name="Stone" parent="." unique_id=1085935728 instance=ExtResource("11_vduu5")]
transform = Transform3D(1, 0, 0, 0, 1, 0, 0, 0, 1, -4.9753523, -0.051712513, 13.20605)

[node name="Stone2" parent="." unique_id=1787960780 instance=ExtResource("11_vduu5")]
transform = Transform3D(1, 0, 0, 0, 1, 0, 0, 0, 1, 4.1136885, -0.0871129, 12.938767)

[node name="Stone3" parent="." unique_id=976780846 instance=ExtResource("11_vduu5")]
transform = Transform3D(1, 0, 0, 0, 1, 0, 0, 0, 1, 5.734765, 0, 6.724633)

[node name="BigStone" parent="." unique_id=68190581 instance=ExtResource("12_0x56f")]
transform = Transform3D(0.95723873, 0, -0.2892991, 0, 1, 0, 0.2892991, 0, 0.95723873, -10.147369, -0.11916852, -0.9063864)

[node name="Stone4" parent="." unique_id=1047646986 instance=ExtResource("11_vduu5")]
transform = Transform3D(0.547753, 0, 0.8366401, 0, 1, 0, -0.8366401, 0, 0.547753, -3.1934214, 0, 8.032222)

[editable path="portal"]
