[gd_scene format=3 uid="uid://4esho1i62id8"]

[ext_resource type="PackedScene" uid="uid://01d2yvedff53" path="res://scenes/Small scenes/SmallTrees1.tscn" id="1_ffnnq"]
[ext_resource type="PackedScene" uid="uid://u0l704q0o3pe" path="res://scenes/Small scenes/Path1.tscn" id="2_gqxb6"]
[ext_resource type="PackedScene" uid="uid://dk571mu5qwt0g" path="res://scenes/Objects/Bush.tscn" id="4_4lew4"]
[ext_resource type="PackedScene" uid="uid://chmu5njdaihwm" path="res://scenes/Objects/BigStone.tscn" id="4_psxy5"]

[node name="Pathway1" type="Node3D" unique_id=255190433]

[node name="SmallTress1" parent="." unique_id=1803095212 instance=ExtResource("1_ffnnq")]
transform = Transform3D(-4.371139e-08, 0, 1, 0, 1, 0, -1, 0, -4.371139e-08, 10, 0, 10)

[node name="SmallTress2" parent="." unique_id=671323846 instance=ExtResource("1_ffnnq")]
transform = Transform3D(-4.371139e-08, 0, 1, 0, 1, 0, -1, 0, -4.371139e-08, -10, 0, 10)

[node name="Path1" parent="." unique_id=1503626441 instance=ExtResource("2_gqxb6")]
transform = Transform3D(-4.371139e-08, 0, 1, 0, 1, 0, -1, 0, -4.371139e-08, 0, 0, 0)

[node name="Path2" parent="." unique_id=1183914654 instance=ExtResource("2_gqxb6")]
transform = Transform3D(-4.371139e-08, 0, -1, 0, 1, 0, 1, 0, -4.371139e-08, 0, 0, 10)

[node name="SmallTress3" parent="." unique_id=1177514507 instance=ExtResource("1_ffnnq")]
transform = Transform3D(1, 0, 0, 0, 1, 0, 0, 0, 1, 10, 0, 0)

[node name="SmallTress4" parent="." unique_id=399962391 instance=ExtResource("1_ffnnq")]
transform = Transform3D(1, 0, 0, 0, 1, 0, 0, 0, 1, -10, 0, 0)

[node name="Path3" parent="." unique_id=284452384 instance=ExtResource("2_gqxb6")]
transform = Transform3D(-4.371139e-08, 0, 1, 0, 1, 0, -1, 0, -4.371139e-08, -4.371139e-07, 0, -10)

[node name="SmallTress5" parent="." unique_id=1871211044 instance=ExtResource("1_ffnnq")]
transform = Transform3D(1, 0, 0, 0, 1, 0, 0, 0, 1, 10, 0, -10)

[node name="SmallTress6" parent="." unique_id=1422582886 instance=ExtResource("1_ffnnq")]
transform = Transform3D(1, 0, 0, 0, 1, 0, 0, 0, 1, -10, 0, -10)

[node name="Bush" parent="." unique_id=2123050176 instance=ExtResource("4_4lew4")]
transform = Transform3D(0.63304317, 0, 0.7741165, 0, 1, 0, -0.7741165, 0, 0.63304317, -4.221837, 0, 11.512)

[node name="Bush2" parent="." unique_id=1894789481 instance=ExtResource("4_4lew4")]
transform = Transform3D(0.056166552, 0, 0.89824563, 0, 0.9, 0, -0.89824563, 0, 0.056166552, 3.4898734, 0, 5.8978004)

[node name="Bush3" parent="." unique_id=194079911 instance=ExtResource("4_4lew4")]
transform = Transform3D(-0.08959664, -0.0028438636, -0.99597406, -0.031724762, 0.99949664, 2.3283064e-10, 0.9954727, 0.03159704, -0.08964177, -3.6112318, -0.020972248, -4.4714794)

[node name="BigStone" parent="." unique_id=68190581 instance=ExtResource("4_psxy5")]
transform = Transform3D(-0.89695764, 0, 0.4421165, 0, 1, 0, -0.4421165, 0, -0.89695764, -6.2203784, -0.44583583, 10.653303)

[node name="BigStone2" parent="." unique_id=763790415 instance=ExtResource("4_psxy5")]
transform = Transform3D(-0.027991354, 0, 0.99960816, 0, 1, 0, -0.99960816, 0, -0.027991354, 4.8210635, -0.44583583, -7.9200697)
