[gd_scene format=3 uid="uid://7uyh4e0kw817"]

[ext_resource type="PackedScene" uid="uid://o7o3ow6q0ly4" path="res://scenes/characters/MainCharacter.tscn" id="1_fag10"]
[ext_resource type="PackedScene" uid="uid://c6dqn5pqh673" path="res://scenes/characters/NPC.tscn" id="2_svyvy"]
[ext_resource type="Script" uid="uid://g0t76ycgmg7d" path="res://scripts/MainCamera.gd" id="2_xujmj"]
[ext_resource type="PackedScene" uid="uid://3a4n57cf4pbx" path="res://scenes/characters/VimpireBoss.tscn" id="5_6vuvh"]

[sub_resource type="ProceduralSkyMaterial" id="ProceduralSkyMaterial_fag10"]
sky_horizon_color = Color(0.66224277, 0.6717428, 0.6867428, 1)
ground_horizon_color = Color(0.66224277, 0.6717428, 0.6867428, 1)

[sub_resource type="Sky" id="Sky_svyvy"]
sky_material = SubResource("ProceduralSkyMaterial_fag10")

[sub_resource type="Environment" id="Environment_xujmj"]
background_mode = 2
sky = SubResource("Sky_svyvy")
tonemap_mode = 2
glow_enabled = true

[node name="TestAnimations" type="Node3D" unique_id=953545641]

[node name="DirectionalLight3D" type="DirectionalLight3D" parent="." unique_id=1600295895]
transform = Transform3D(-0.8660254, -0.43301278, 0.25, 0, 0.49999997, 0.86602545, -0.50000006, 0.75, -0.43301266, 0, 0, 0)
shadow_enabled = true

[node name="WorldEnvironment" type="WorldEnvironment" parent="." unique_id=1616820361]
environment = SubResource("Environment_xujmj")

[node name="CSGBox3D" type="CSGBox3D" parent="." unique_id=866599951]
use_collision = true
size = Vector3(10.025, 0.355, 11.645)

[node name="Npc" parent="." unique_id=832359557 instance=ExtResource("2_svyvy")]
transform = Transform3D(1, 0, 0, 0, 1, 0, 0, 0, 1, -4.115736, 0.72056293, -4.856478)

[node name="VimpireBoss" parent="." unique_id=607240379 instance=ExtResource("5_6vuvh")]
transform = Transform3D(1, 0, 0, 0, 1, 0, 0, 0, 1, 2.3646998, 0.7910509, 4.0648537)
SPEED = 2.0

[node name="MainCharacter" parent="." unique_id=895241956 instance=ExtResource("1_fag10")]
transform = Transform3D(0.999016, 0, -0.044351727, 0, 1, 0, 0.044351727, 0, 0.999016, -3.2207375, 0.5131813, 4.5680842)

[node name="Camera3D" type="Camera3D" parent="MainCharacter" unique_id=296880880]
transform = Transform3D(1, 0, 0, 0, 0.9847015, 0.17424974, 0, -0.17424974, 0.9847016, 0.009429216, 1.0272048, 3.2123947)
fov = 40.0
script = ExtResource("2_xujmj")

[node name="Camera3D" type="Camera3D" parent="." unique_id=537705247]
transform = Transform3D(1, 0, 0, 0, 0.8385755, 0.5447854, 0, -0.5447854, 0.8385755, 0.13398886, 4.234414, 7.7048736)
current = true
